<!DOCTYPE html>
<html lang="fr">
<head>
  <meta charset="UTF-8">
</head>
<body>
  <script type="text/javascript">

    var today = "22.80,21.00,2,1,0,2,sdbnode,wrtiot,ceciestmaclef,,pool.ntp.org,1|00.0,01.0,02.0,03.0,04.0,05.0,07.0,09.0,11.0,13.0,15.0,16.0,17.0,18.0,19.0,20.0,21.0,22.0,23.0,24.0,25.0,25.5,16.0,18.0,20.0,14.0,12.0,10.0,08.0,06.0,04.0,02.0,00.0,00.5,05.0,07.0,15.0,17.0,19.0,21.0,23.0,24.0,24.5,25.0,25.5,25.0,24.5,24.0|5|16/12/2016 09:30:30";
    var d0 = "22.80,21.00,2,1,0,2,sdbnode,wrtiot,ceciestmaclef,,pool.ntp.org,1|00.0,01.0,02.0,03.0,04.0,05.0,07.0,09.0,11.0,13.0,15.0,16.0,17.0,18.0,19.0,20.0,21.0,22.0,23.0,24.0,25.0,25.5,16.0,18.0,20.0,14.0,12.0,10.0,08.0,06.0,04.0,02.0,00.0,00.5,05.0,07.0,15.0,17.0,19.0,21.0,23.0,24.0,24.5,25.0,25.5,25.0,24.5,24.0|0|16/12/2016 09:30:30";
    var d1 = "22.80,21.00,2,1,0,2,sdbnode,wrtiot,ceciestmaclef,,pool.ntp.org,1|00.0,01.0,02.0,03.0,04.0,05.0,07.0,09.0,11.0,13.0,15.0,16.0,17.0,18.0,19.0,20.0,21.0,22.0,23.0,24.0,25.0,25.5,16.0,18.0,20.0,14.0,12.0,10.0,08.0,06.0,04.0,02.0,00.0,00.5,05.0,07.0,15.0,17.0,19.0,21.0,23.0,24.0,24.5,25.0,25.5,25.0,24.5,24.0|1|16/12/2016 09:30:30";
    var d2 = "22.80,21.00,2,1,0,2,sdbnode,wrtiot,ceciestmaclef,,pool.ntp.org,1|00.0,01.0,02.0,03.0,04.0,05.0,07.0,09.0,11.0,13.0,15.0,16.0,17.0,18.0,19.0,20.0,21.0,22.0,23.0,24.0,25.0,25.5,16.0,18.0,20.0,14.0,12.0,10.0,08.0,06.0,04.0,02.0,00.0,00.5,05.0,07.0,15.0,17.0,19.0,21.0,23.0,24.0,24.5,25.0,25.5,25.0,24.5,24.0|2|16/12/2016 09:30:30";
    var d3 = "22.80,21.00,2,1,0,2,sdbnode,wrtiot,ceciestmaclef,,pool.ntp.org,1|00.0,01.0,02.0,03.0,04.0,05.0,07.0,09.0,11.0,13.0,15.0,16.0,17.0,18.0,19.0,20.0,21.0,22.0,23.0,24.0,25.0,25.5,16.0,18.0,20.0,14.0,12.0,10.0,08.0,06.0,04.0,02.0,00.0,00.5,05.0,07.0,15.0,17.0,19.0,21.0,23.0,24.0,24.5,25.0,25.5,25.0,24.5,24.0|3|16/12/2016 09:30:30";
    var d4 = "22.80,21.00,2,1,0,2,sdbnode,wrtiot,ceciestmaclef,,pool.ntp.org,1|00.0,01.0,02.0,03.0,04.0,05.0,07.0,09.0,11.0,13.0,15.0,16.0,17.0,18.0,19.0,20.0,21.0,22.0,23.0,24.0,25.0,25.5,16.0,18.0,20.0,14.0,12.0,10.0,08.0,06.0,04.0,02.0,00.0,00.5,05.0,07.0,15.0,17.0,19.0,21.0,23.0,24.0,24.5,25.0,25.5,25.0,24.5,24.0|4|16/12/2016 09:30:30";
    var d5 = "22.80,21.00,2,1,0,2,sdbnode,wrtiot,ceciestmaclef,,pool.ntp.org,1|00.0,01.0,02.0,03.0,04.0,05.0,07.0,09.0,11.0,13.0,15.0,16.0,17.0,18.0,19.0,20.0,21.0,22.0,23.0,24.0,25.0,25.5,16.0,18.0,20.0,14.0,12.0,10.0,08.0,06.0,04.0,02.0,00.0,00.5,05.0,07.0,15.0,17.0,19.0,21.0,23.0,24.0,24.5,25.0,25.5,25.0,24.5,24.0|5|16/12/2016 09:30:30";
    var d6 = "22.80,21.00,2,1,0,2,sdbnode,wrtiot,ceciestmaclef,,pool.ntp.org,1|00.0,01.0,02.0,03.0,04.0,05.0,07.0,09.0,11.0,13.0,15.0,16.0,17.0,18.0,19.0,20.0,21.0,22.0,23.0,24.0,25.0,25.5,16.0,18.0,20.0,14.0,12.0,10.0,08.0,06.0,04.0,02.0,00.0,00.5,05.0,07.0,15.0,17.0,19.0,21.0,23.0,24.0,24.5,25.0,25.5,25.0,24.5,24.0|6|16/12/2016 09:30:30";

    day =  location.search.split('p=')[1]
    console.log(day);
    if(day == ""){
      console.log("index");
      document.write(today);
    }else{

      if(day == 0){
        console.log("D0");
        document.write(d0);
      }
      if(day == 1){
        console.log("d1");
        document.write(d1);
      }
      if(day == 2){
        console.log("d2");
        document.write(d2);
      }
      if(day == 3){
        console.log("d3");
        document.write(d3);
      }
      if(day == 4){
        console.log("d4");
        document.write(d4);
      }
      if(day == 5){
        console.log("d5");
        document.write(d5);
      }
      if(day == 6){
        console.log("d6");
        document.write(d6);
      }
    }
  </script>
</body>
</html>
